[[0, 6138, 100000, 100000, 100000, 100000, 100000, 100000, 100000, 100000, 100000, 100000, 100000, 100000, 100000, 100000, 100000, 100000, 100000, 100000], [6138, 0, 100000, 4887, 4695, 100000, 100000, 100000, 100000, 100000, 100000, 100000, 100000, 100000, 100000, 100000, 100000, 100000, 100000, 100000], [100000, 100000, 0, 100000, 100000, 100000, 100000, 100000, 100000, 100000, 100000, 100000, 100000, 100000, 100000, 100000, 100000, 100000, 1826, 100000], [100000, 4887, 100000, 0, 2440, 3655, 100000, 100000, 100000, 100000, 100000, 100000, 100000, 100000, 100000, 100000, 100000, 100000, 100000, 100000], [100000, 4684, 100000, 2440, 0, 5257, 100000, 100000, 100000, 100000, 100000, 100000, 100000, 100000, 100000, 100000, 100000, 100000, 100000, 100000], [100000, 100000, 100000, 3655, 5257, 0, 100000, 3473, 6174, 3896, 100000, 100000, 100000, 5306, 4794, 5306, 100000, 100000, 100000, 100000], [100000, 100000, 100000, 100000, 100000, 100000, 0, 2912, 100000, 4964, 2089, 2573, 3890, 6954, 6442, 6954, 100000, 100000, 100000, 100000], [100000, 100000, 100000, 100000, 100000, 3473, 2912, 0, 100000, 4857, 4103, 4775, 6064, 6295, 5782, 6295, 100000, 100000, 100000, 100000], [100000, 100000, 100000, 100000, 100000, 6194, 100000, 100000, 0, 5830, 100000, 100000, 100000, 4328, 4930, 4328, 100000, 100000, 100000, 100000], [100000, 100000, 100000, 100000, 100000, 3896, 4964, 4857, 5830, 0, 6040, 6712, 5357, 1990, 1478, 1990, 100000, 100000, 100000, 100000], [100000, 100000, 100000, 100000, 100000, 100000, 2089, 4105, 100000, 6040, 0, 1186, 2216, 8030, 7517, 8030, 100000, 100000, 100000, 100000], [100000, 100000, 100000, 100000, 100000, 100000, 2573, 4777, 100000, 6712, 1186, 0, 2339, 100000, 7906, 100000, 100000, 100000, 100000, 100000], [100000, 100000, 100000, 100000, 100000, 100000, 3890, 6065, 100000, 5357, 2216, 2339, 0, 6080, 5568, 6080, 100000, 100000, 100000, 100000], [100000, 100000, 100000, 100000, 100000, 5306, 6954, 6295, 4328, 1990, 8030, 100000, 6080, 0, 771, 0, 6964, 100000, 100000, 100000], [100000, 100000, 100000, 100000, 100000, 4794, 6442, 5782, 4930, 1478, 7517, 7906, 5568, 771, 0, 771, 6803, 100000, 100000, 100000], [100000, 100000, 100000, 100000, 100000, 5306, 6954, 6295, 4328, 1990, 8030, 100000, 6080, 0, 771, 0, 6964, 100000, 100000, 100000], [100000, 100000, 100000, 100000, 100000, 100000, 100000, 100000, 100000, 100000, 100000, 100000, 100000, 6964, 6803, 6964, 0, 100000, 100000, 100000], [100000, 100000, 100000, 100000, 100000, 100000, 100000, 100000, 100000, 100000, 100000, 100000, 100000, 100000, 100000, 100000, 100000, 0, 100000, 100000], [100000, 100000, 1826, 100000, 100000, 100000, 100000, 100000, 100000, 100000, 100000, 100000, 100000, 100000, 100000, 100000, 100000, 100000, 0, 5713], [100000, 100000, 100000, 100000, 100000, 100000, 100000, 100000, 100000, 100000, 100000, 100000, 100000, 100000, 100000, 100000, 100000, 100000, 5758, 0]]